<?xml version="1.0"?>
<opencv_storage>
<inverse type_id="opencv-matrix">
  <rows>3</rows>
  <cols>3</cols>
  <dt>d</dt>
  <data>
    -1.8245394736858398e+01 2.1745987146124911e+01
    -1.3699971902085945e+04 -2.4980906232485722e-11
    1.8079806061246977e+01 -2.2884876502834501e+04
    -4.1506728609697063e-14 3.0271000665053067e-02
    -3.7316125155887121e+01</data></inverse>
</opencv_storage>
