<?xml version="1.0"?>
<opencv_storage>
<warp_mat type_id="opencv-matrix">
  <rows>3</rows>
  <cols>3</cols>
  <dt>d</dt>
  <data>
    -5.4808351061939861e-02 -1.2027776776162276e+00
    7.5774993689827761e+02 -5.3623772089395061e-14
    -2.0639671149891630e+00 1.2657700212742373e+03
    -4.4777549723651333e-17 -1.6742989699394142e-03 1.</data></warp_mat>
</opencv_storage>
